3.178153e+11	0.499799	0.685922	1.356058e+05	0.800080	0.842952
3.464703e+11	0.549847	0.705684	1.421977e+06	0.799954	0.841723
3.750300e+11	0.599745	0.724032	3.970137e+06	0.800047	0.840726
4.036374e+11	0.649796	0.741361	1.125439e+06	0.799988	0.839685
4.321971e+11	0.699737	0.757653	1.503876e+06	0.800009	0.838761
4.608044e+11	0.749757	0.773130	5.655517e+05	0.799973	0.837847
4.894118e+11	0.799713	0.787806	3.135497e+06	0.799995	0.837023
5.180669e+11	0.849702	0.801807	3.758829e+06	0.800030	0.836247
5.467696e+11	0.899742	0.815243	5.176856e+06	0.799943	0.835423
5.754723e+11	0.949689	0.828066	2.698725e+06	0.799967	0.834711
6.042704e+11	0.999711	0.840403	5.169903e+06	0.799974	0.834018
6.330685e+11	1.049672	0.852270	2.503360e+05	0.799971	0.833346
6.619619e+11	1.099673	0.863712	5.685140e+06	0.799965	0.832701
6.908554e+11	1.149588	0.874731	1.147677e+06	0.800014	0.832116
7.198442e+11	1.199561	0.885404	1.340663e+06	0.800033	0.831534
7.489283e+11	1.249634	0.895795	2.795408e+06	0.799945	0.830895
7.780125e+11	1.299547	0.905793	3.710895e+06	0.799987	0.830370
8.071920e+11	1.349539	0.915525	5.332046e+05	0.800001	0.829842
8.364669e+11	1.399589	0.925005	2.226414e+06	0.799965	0.829295
8.657417e+11	1.449490	0.934172	4.114026e+06	0.800004	0.828819
8.951120e+11	1.499482	0.943135	1.540620e+06	0.799986	0.828316
9.245776e+11	1.549503	0.951862	1.864303e+05	0.799993	0.827845
9.540432e+11	1.599383	0.960337	3.149778e+06	0.800019	0.827403
9.836041e+11	1.649329	0.968625	1.997157e+05	0.800039	0.826968
1.013356e+12	1.699534	0.976803	8.155644e+05	0.799939	0.826456
1.043012e+12	1.749362	0.984666	6.245298e+05	0.800018	0.826089
1.072859e+12	1.799446	0.992436	4.335367e+06	0.799981	0.825647
1.102611e+12	1.849183	0.999939	5.966557e+06	0.800068	0.825307
1.132553e+12	1.899168	1.007347	5.638486e+06	0.800085	0.824925
1.162591e+12	1.949244	1.014646	3.927220e+06	0.800030	0.824498
1.192629e+12	1.999123	1.021725	4.164365e+06	0.800086	0.824162
1.283409e+12	2.149361	1.042350	2.351890e+06	0.799963	0.822988
1.374571e+12	2.298957	1.061672	7.927506e+06	0.800088	0.822070
1.466687e+12	2.449285	1.080209	3.180199e+06	0.799970	0.821026
1.559184e+12	2.599048	1.097726	4.376404e+06	0.800002	0.820150
1.652444e+12	2.749037	1.114489	7.291743e+06	0.799995	0.819292
1.746277e+12	2.898931	1.130515	1.649945e+06	0.800012	0.818494
1.840872e+12	3.049055	1.145928	8.470077e+06	0.799965	0.817689
1.935848e+12	3.198718	1.160651	3.462304e+06	0.800027	0.816999
2.031587e+12	3.348652	1.174872	1.652957e+05	0.800036	0.816302
2.128090e+12	3.498835	1.188622	5.552536e+06	0.799998	0.815601
2.224973e+12	3.648573	1.201822	7.912107e+06	0.800040	0.814988
2.322620e+12	3.798677	1.214662	5.078895e+06	0.799995	0.814334
2.420648e+12	3.948297	1.226999	4.561385e+06	0.800055	0.813783
2.519438e+12	4.098192	1.238991	9.561635e+06	0.800081	0.813229
2.618992e+12	4.248556	1.250731	4.985213e+06	0.799980	0.812597
2.718927e+12	4.398378	1.262017	5.929716e+06	0.800025	0.812097
2.819625e+12	4.548651	1.273083	6.038307e+06	0.799950	0.811523
2.920704e+12	4.698496	1.283772	2.771097e+06	0.799972	0.811038
3.022165e+12	4.847932	1.294116	2.740073e+06	0.800059	0.810620
3.124770e+12	4.998548	1.304381	1.574666e+06	0.799947	0.810065
3.227375e+12	5.148027	1.314222	1.534889e+06	0.800013	0.809660
3.330743e+12	5.297825	1.323860	1.059322e+07	0.800045	0.809243
3.434874e+12	5.448072	1.333340	1.000071e+07	0.800010	0.808787
3.539386e+12	5.598066	1.342585	5.553135e+06	0.799986	0.808350
3.644280e+12	5.747641	1.351548	8.391189e+05	0.800056	0.807995
3.750318e+12	5.898386	1.360479	7.244101e+06	0.799942	0.807513
3.856356e+12	6.048142	1.369096	1.555529e+05	0.799964	0.807143
3.963157e+12	6.198311	1.377588	1.587875e+06	0.799923	0.806736
4.069958e+12	6.347372	1.385749	2.243686e+05	0.800056	0.806470
4.177903e+12	6.497697	1.393927	3.332296e+06	0.799991	0.806063
4.285848e+12	6.646967	1.401807	5.931356e+06	0.800072	0.805776
4.394937e+12	6.797393	1.409670	2.296311e+06	0.800029	0.805401
4.504027e+12	6.946870	1.417283	2.552172e+06	0.800080	0.805106
4.613879e+12	7.096830	1.424817	2.771009e+06	0.800068	0.804770
4.724494e+12	7.247207	1.432257	5.043815e+06	0.800020	0.804415
4.835109e+12	7.396586	1.439446	7.461075e+06	0.800095	0.804159
4.946488e+12	7.546522	1.446588	8.587879e+06	0.800085	0.803846
5.058628e+12	7.696903	1.453651	3.258046e+06	0.800044	0.803514
5.171532e+12	7.847766	1.460651	3.594886e+06	0.799945	0.803144
5.284436e+12	7.997672	1.467432	1.417555e+07	0.799941	0.802856
5.397340e+12	8.146684	1.474009	1.138686e+07	0.800042	0.802650
5.511769e+12	8.297648	1.480695	1.660005e+06	0.799936	0.802290
5.626199e+12	8.447609	1.487162	7.304091e+06	0.799937	0.802020
5.740628e+12	8.596687	1.493441	8.724877e+06	0.800027	0.801823
5.856583e+12	8.747639	1.499813	9.789293e+06	0.799938	0.801493
5.971776e+12	8.896427	1.505888	3.567641e+06	0.800041	0.801314
6.088494e+12	9.047073	1.512056	5.359625e+06	0.799965	0.801003
6.205212e+12	9.196790	1.518036	8.453407e+06	0.799988	0.800774
6.321930e+12	9.345691	1.523860	1.186096e+07	0.800076	0.800598
6.440174e+12	9.496392	1.529761	5.006225e+06	0.800030	0.800320
6.558417e+12	9.646316	1.535522	1.465050e+07	0.800018	0.800078
6.677424e+12	9.796759	1.541251	1.084373e+07	0.799976	0.799813
6.796431e+12	9.946353	1.546823	7.280724e+06	0.800011	0.799611
6.916200e+12	10.096509	1.552380	5.284108e+06	0.799987	0.799367
7.035970e+12	10.245788	1.557779	1.504662e+07	0.800036	0.799186
7.156502e+12	10.395630	1.563163	1.181828e+07	0.800044	0.798974
7.277797e+12	10.545946	1.568515	1.464660e+07	0.800017	0.798739
7.399093e+12	10.695517	1.573742	1.022830e+07	0.800047	0.798550
7.521151e+12	10.845631	1.578953	2.434119e+06	0.800033	0.798330
7.643209e+12	10.994894	1.584023	1.410604e+07	0.800079	0.798163
7.766793e+12	11.146009	1.589187	1.093191e+06	0.800003	0.797900
7.890376e+12	11.296257	1.594210	1.445986e+07	0.799986	0.797690
8.013960e+12	11.445884	1.599138	7.626928e+06	0.800007	0.797509
8.137544e+12	11.594794	1.603957	3.232791e+06	0.800071	0.797364
8.262654e+12	11.745369	1.608838	1.689696e+07	0.800024	0.797140
8.387763e+12	11.895228	1.613610	1.457070e+07	0.800038	0.796961
8.512873e+12	12.044434	1.618288	7.545600e+06	0.800085	0.796811
8.639508e+12	12.195386	1.623043	4.634665e+06	0.800017	0.796575
8.766143e+12	12.345511	1.627674	1.412661e+07	0.800012	0.796392
8.892779e+12	12.495054	1.632226	1.036042e+07	0.800032	0.796229
9.020940e+12	12.646339	1.636856	1.436081e+07	0.799937	0.795980
9.147575e+12	12.794453	1.641204	3.704275e+05	0.800062	0.795899
9.275736e+12	12.944207	1.645615	1.759937e+07	0.800075	0.795740
9.405423e+12	13.095882	1.650135	8.177008e+06	0.799960	0.795482
9.533584e+12	13.244260	1.654357	1.379326e+07	0.800067	0.795397
9.663270e+12	13.394460	1.658674	1.586011e+07	0.800051	0.795219
9.792957e+12	13.543958	1.662896	1.895619e+07	0.800080	0.795079
9.924170e+12	13.695281	1.667212	1.870956e+07	0.799988	0.794847
1.005538e+13	13.845810	1.671419	1.693379e+07	0.799963	0.794668
1.018659e+13	13.995804	1.675563	1.090294e+07	0.799953	0.794501
1.031781e+13	14.145074	1.679612	1.715269e+07	0.799984	0.794371
1.044902e+13	14.293623	1.683568	1.277310e+07	0.800075	0.794285
1.058176e+13	14.443990	1.687617	1.038642e+07	0.800044	0.794109
1.071450e+13	14.593628	1.691573	5.498510e+05	0.800072	0.793978
1.084876e+13	14.744992	1.695607	1.295300e+07	0.799985	0.793765
1.098302e+13	14.895715	1.699562	8.606373e+05	0.799951	0.793589
1.111729e+13	15.045880	1.703455	1.214564e+06	0.799927	0.793425
1.125155e+13	15.195294	1.707253	3.376590e+06	0.799958	0.793305
1.138582e+13	15.344044	1.710973	1.722112e+07	0.800022	0.793213
1.152161e+13	15.494623	1.714787	1.038361e+07	0.799983	0.793042
1.165739e+13	15.644436	1.718507	1.103404e+07	0.799999	0.792914
1.179318e+13	15.793678	1.722164	8.366410e+06	0.800041	0.792807
1.193050e+13	15.944645	1.725900	6.439132e+06	0.799986	0.792628
1.206629e+13	16.092730	1.729432	3.224647e+06	0.800076	0.792562
1.220513e+13	16.244648	1.733152	1.672969e+07	0.799978	0.792355
1.234245e+13	16.393775	1.736683	1.281629e+07	0.800019	0.792253
1.248129e+13	16.544529	1.740278	5.150484e+06	0.799987	0.792096
1.261860e+13	16.692478	1.743684	1.584532e+07	0.800073	0.792034
1.275897e+13	16.844266	1.747278	1.174857e+07	0.799992	0.791842
1.289781e+13	16.993347	1.750700	9.372643e+06	0.800022	0.791737
1.303818e+13	17.143841	1.754153	1.975529e+07	0.800008	0.791602
1.317854e+13	17.294052	1.757591	7.022776e+06	0.799983	0.791455
1.331891e+13	17.443554	1.760950	2.974000e+06	0.800001	0.791345
1.346080e+13	17.594573	1.764356	1.980518e+07	0.799952	0.791188
1.360117e+13	17.742968	1.767605	1.812856e+06	0.800025	0.791119
1.374459e+13	17.894999	1.771011	6.842855e+06	0.799942	0.790935
1.388496e+13	18.042276	1.774150	1.132017e+07	0.800048	0.790898
1.402837e+13	18.193187	1.777446	9.108334e+06	0.800018	0.790756
1.417179e+13	18.343588	1.780695	8.568546e+06	0.800002	0.790627
1.431521e+13	18.493480	1.783897	1.179362e+07	0.800000	0.790510
1.445863e+13	18.642861	1.787052	2.066855e+07	0.800012	0.790405
1.460205e+13	18.791611	1.790144	1.780187e+05	0.800077	0.790338
1.474852e+13	18.944112	1.793409	4.140874e+06	0.799968	0.790142
1.489193e+13	19.091829	1.796407	2.113530e+06	0.800059	0.790099
1.503840e+13	19.243184	1.799562	1.732055e+07	0.799998	0.789943
1.518487e+13	19.394014	1.802670	1.295899e+07	0.799968	0.789809
1.533134e+13	19.544325	1.805731	2.125880e+07	0.799950	0.789688
1.547781e+13	19.694106	1.808744	1.334857e+07	0.799962	0.789587
1.562428e+13	19.843365	1.811711	2.159389e+07	0.799985	0.789498
1.577075e+13	19.992089	1.814630	1.682428e+07	0.800036	0.789430
