2.925693e+11	0.499816	0.732367	1.690444e+06	0.600018	0.712682
3.186258e+11	0.549758	0.753651	2.812011e+06	0.600074	0.711362
3.446585e+11	0.599811	0.773616	2.389993e+06	0.599982	0.710046
3.706436e+11	0.649815	0.792342	2.604356e+06	0.599950	0.708856
3.965809e+11	0.699696	0.809937	3.435026e+06	0.600067	0.707836
4.225183e+11	0.749654	0.826669	4.508466e+04	0.600056	0.706800
4.485033e+11	0.799662	0.842585	3.009409e+06	0.600067	0.705837
4.744883e+11	0.849677	0.857779	3.041196e+06	0.600036	0.704899
5.004733e+11	0.899633	0.872282	4.559135e+06	0.600036	0.704029
5.265060e+11	0.949669	0.886220	1.461802e+06	0.599998	0.703176
5.525387e+11	0.999578	0.899546	1.126444e+06	0.600059	0.702426
5.786191e+11	1.049566	0.912417	1.248647e+06	0.600027	0.701652
6.047472e+11	1.099526	0.924801	4.411370e+06	0.600050	0.700946
6.309706e+11	1.149681	0.936840	3.211629e+06	0.599965	0.700198
6.571464e+11	1.199530	0.948361	5.160994e+06	0.600047	0.699587
6.834175e+11	1.249575	0.959600	5.121406e+06	0.600000	0.698918
7.097362e+11	1.299590	0.970477	5.124276e+06	0.599993	0.698297
7.360550e+11	1.349502	0.981009	2.336074e+06	0.600008	0.697712
7.624691e+11	1.399463	0.991243	4.623764e+06	0.600039	0.697160
7.888833e+11	1.449362	1.001194	2.116777e+06	0.600047	0.696611
8.153928e+11	1.499331	1.010895	3.952312e+06	0.600047	0.696075
8.419976e+11	1.549376	1.020359	5.402529e+06	0.600048	0.695556
8.686025e+11	1.599361	1.029589	9.907084e+05	0.600026	0.695038
8.953027e+11	1.649397	1.038598	8.245858e+05	0.600012	0.694540
9.220029e+11	1.699284	1.047357	9.730189e+05	0.600037	0.694082
9.488938e+11	1.749518	1.056005	5.188989e+06	0.599956	0.693570
9.756894e+11	1.799350	1.064356	2.763442e+05	0.600014	0.693158
1.002580e+12	1.849236	1.072533	4.702372e+06	0.600050	0.692746
1.029567e+12	1.899273	1.080585	6.183477e+06	0.600023	0.692305
1.056648e+12	1.949411	1.088496	6.400676e+06	0.599974	0.691859
1.083730e+12	1.999378	1.096203	3.191390e+06	0.599986	0.691462
1.165356e+12	2.149310	1.118445	5.374164e+06	0.599993	0.690314
1.247555e+12	2.299348	1.139509	6.882357e+06	0.599964	0.689221
1.330135e+12	2.448960	1.159411	2.742042e+06	0.600039	0.688260
1.413477e+12	2.599124	1.178466	7.247609e+06	0.599986	0.687281
1.497202e+12	2.748887	1.196580	1.466091e+05	0.600029	0.686413
1.581498e+12	2.898670	1.213908	5.839237e+06	0.600057	0.685588
1.666557e+12	3.049079	1.230640	1.692383e+06	0.599980	0.684736
1.751998e+12	3.199049	1.246635	6.150250e+06	0.599972	0.683971
1.837820e+12	3.348648	1.261970	9.026777e+05	0.600033	0.683284
1.924405e+12	3.498845	1.276850	1.960089e+06	0.599986	0.682562
2.011371e+12	3.648584	1.291133	4.495970e+06	0.600029	0.681928
2.098910e+12	3.798507	1.304977	7.330822e+05	0.600035	0.681297
2.187021e+12	3.948565	1.318397	4.983716e+06	0.600006	0.680672
2.275704e+12	4.098775	1.331425	4.476215e+06	0.599962	0.680059
2.364577e+12	4.248046	1.343919	6.307996e+06	0.600067	0.679565
2.454214e+12	4.398045	1.356162	1.981708e+05	0.600064	0.679020
2.544613e+12	4.548721	1.368154	8.715691e+06	0.599949	0.678426
2.635012e+12	4.698012	1.379628	6.820246e+06	0.600045	0.677983
2.726174e+12	4.848024	1.390898	8.647122e+06	0.600033	0.677489
2.818099e+12	4.998642	1.401948	9.894939e+06	0.599966	0.676975
2.910024e+12	5.148105	1.412590	4.654275e+06	0.600020	0.676553
3.002712e+12	5.298271	1.423059	7.547049e+06	0.599981	0.676087
3.095781e+12	5.448148	1.433246	1.867784e+06	0.599990	0.675662
3.189232e+12	5.597683	1.443150	5.674042e+06	0.600038	0.675277
3.283446e+12	5.747927	1.452913	9.329157e+06	0.600010	0.674856
3.378041e+12	5.898037	1.462456	9.568611e+06	0.599981	0.674445
3.473017e+12	6.047802	1.471749	8.662741e+06	0.600008	0.674079
3.568757e+12	6.198324	1.480931	5.949922e+06	0.599955	0.673673
3.664496e+12	6.347668	1.489799	4.884460e+06	0.600018	0.673350
3.760998e+12	6.497867	1.498589	2.608399e+06	0.599979	0.672972
3.857882e+12	6.647722	1.507159	8.496827e+06	0.599987	0.672634
3.955147e+12	6.797352	1.515541	1.097078e+07	0.600023	0.672322
4.053175e+12	6.947846	1.523860	9.983302e+06	0.599966	0.671958
4.151584e+12	7.098053	1.531990	5.481194e+06	0.599955	0.671629
4.249993e+12	7.247175	1.539870	9.853699e+06	0.600026	0.671363
4.349166e+12	7.397169	1.547702	5.443787e+06	0.600013	0.671048
4.449101e+12	7.547847	1.555456	2.907063e+06	0.599952	0.670710
4.549036e+12	7.697429	1.562974	5.758915e+06	0.599980	0.670436
4.649734e+12	7.847636	1.570414	5.826510e+06	0.599978	0.670149
4.750432e+12	7.996975	1.577666	1.092371e+07	0.600016	0.669894
4.851892e+12	8.147080	1.584871	7.059897e+05	0.600008	0.669612
4.953353e+12	8.296169	1.591871	4.589842e+06	0.600062	0.669379
5.056340e+12	8.447731	1.598966	9.794126e+06	0.599941	0.669039
5.158563e+12	8.596575	1.605731	4.398539e+06	0.600021	0.668831
5.261550e+12	8.746142	1.612449	5.639806e+06	0.600047	0.668594
5.365299e+12	8.896519	1.619135	3.561696e+06	0.600014	0.668325
5.469812e+12	9.047493	1.625759	7.662573e+06	0.599956	0.668044
5.573561e+12	9.196044	1.632116	9.891208e+05	0.600039	0.667856
5.678836e+12	9.346809	1.638536	9.510662e+05	0.600000	0.667596
5.784111e+12	9.496802	1.644814	1.227042e+07	0.599983	0.667357
5.889386e+12	9.645716	1.650920	6.915841e+06	0.600064	0.667180
5.995424e+12	9.795489	1.657010	1.032736e+07	0.600073	0.666964
6.102225e+12	9.946089	1.663084	3.610833e+06	0.600032	0.666717
6.209026e+12	10.095840	1.669017	8.356398e+06	0.600028	0.666501
6.316590e+12	10.246272	1.674919	2.565934e+06	0.600000	0.666270
6.424153e+12	10.395696	1.680664	1.060481e+07	0.600034	0.666085
6.532480e+12	10.546023	1.686409	7.423056e+06	0.600009	0.665863
6.640807e+12	10.695418	1.692012	1.262848e+07	0.600037	0.665681
6.750659e+12	10.847075	1.697694	7.842969e+06	0.599959	0.665431
6.859748e+12	10.996520	1.703172	8.354369e+06	0.599973	0.665245
6.968838e+12	11.144955	1.708509	8.640842e+06	0.600056	0.665105
7.079453e+12	11.295793	1.713940	1.193545e+07	0.600006	0.664884
7.190068e+12	11.445709	1.719245	5.197652e+06	0.600019	0.664704
7.301446e+12	11.596516	1.724550	4.828197e+06	0.599969	0.664489
7.412824e+12	11.746384	1.729730	1.420293e+06	0.599980	0.664314
7.524202e+12	11.895454	1.734800	6.865623e+06	0.600024	0.664164
7.636343e+12	12.045355	1.739870	3.926692e+06	0.600025	0.663988
7.748484e+12	12.194551	1.744845	7.123579e+05	0.600052	0.663830
7.861388e+12	12.344312	1.749790	1.205982e+06	0.600066	0.663668
7.975817e+12	12.496499	1.754828	1.215341e+07	0.599947	0.663426
8.088721e+12	12.644773	1.759584	3.067986e+06	0.600030	0.663310
8.203150e+12	12.795308	1.764418	6.049207e+05	0.600005	0.663129
8.317580e+12	12.944952	1.769143	4.175547e+06	0.600028	0.662982
8.432009e+12	13.093969	1.773789	8.918498e+06	0.600067	0.662847
8.547964e+12	13.245363	1.778529	5.509133e+06	0.599994	0.662643
8.663920e+12	13.395853	1.783160	1.536363e+07	0.599967	0.662471
8.779875e+12	13.545649	1.787712	8.898203e+06	0.599974	0.662321
8.895830e+12	13.694632	1.792169	5.909658e+06	0.600021	0.662197
9.013311e+12	13.845891	1.796705	1.408251e+07	0.599961	0.662011
9.130029e+12	13.994807	1.801069	6.862201e+06	0.600018	0.661897
9.247510e+12	14.144535	1.805432	1.532481e+07	0.600027	0.661758
9.365754e+12	14.295302	1.809827	5.932885e+06	0.599980	0.661582
9.483235e+12	14.443593	1.814034	7.978336e+06	0.600051	0.661484
9.602241e+12	14.594097	1.818319	1.039196e+04	0.600037	0.661332
9.721248e+12	14.744057	1.822541	7.933325e+05	0.600028	0.661187
9.841018e+12	14.894652	1.826748	1.576497e+07	0.599995	0.661030
9.960787e+12	15.044442	1.830876	1.053911e+07	0.600011	0.660903
1.008132e+13	15.195163	1.835020	1.207104e+07	0.599974	0.660745
1.020185e+13	15.344957	1.839069	1.474321e+07	0.599989	0.660621
1.032238e+13	15.494428	1.843087	9.275893e+05	0.599998	0.660493
1.044292e+13	15.642846	1.846996	1.135577e+07	0.600061	0.660404
1.056497e+13	15.793488	1.850983	1.465710e+07	0.600040	0.660262
1.068703e+13	15.943498	1.854907	1.610213e+07	0.600040	0.660134
1.080909e+13	16.092871	1.858768	1.793503e+07	0.600061	0.660021
1.093267e+13	16.244478	1.862708	1.256667e+07	0.599998	0.659856
1.105626e+13	16.395449	1.866585	9.530895e+06	0.599954	0.659704
1.117832e+13	16.542698	1.870242	1.559199e+07	0.600058	0.659648
1.130343e+13	16.695269	1.874134	1.120103e+07	0.599950	0.659459
1.142701e+13	16.843903	1.877792	1.253379e+07	0.600013	0.659378
1.155059e+13	16.992212	1.881417	1.399333e+07	0.600064	0.659292
1.167570e+13	17.142555	1.885106	2.720501e+06	0.600056	0.659168
1.180081e+13	17.292457	1.888747	1.184382e+07	0.600041	0.659044
1.192745e+13	17.444067	1.892420	1.876214e+07	0.599996	0.658901
1.205256e+13	17.592697	1.895952	1.183258e+07	0.600030	0.658808
1.217919e+13	17.743244	1.899531	1.205883e+07	0.600010	0.658682
1.230583e+13	17.893042	1.903047	3.146189e+06	0.600026	0.658579
1.243246e+13	18.042522	1.906531	2.781269e+06	0.600028	0.658470
1.256062e+13	18.193699	1.910047	1.472984e+06	0.600001	0.658342
1.268879e+13	18.344561	1.913532	1.011458e+07	0.599961	0.658210
1.281695e+13	18.494666	1.916953	1.457123e+07	0.599955	0.658100
1.294511e+13	18.644012	1.920312	1.676474e+07	0.599984	0.658011
1.307327e+13	18.792941	1.923640	6.121296e+06	0.600018	0.657925
1.320143e+13	18.941329	1.926920	4.224224e+06	0.600061	0.657848
1.333264e+13	19.094316	1.930358	1.744117e+07	0.599964	0.657685
1.346080e+13	19.241522	1.933544	7.892404e+06	0.600045	0.657632
1.359202e+13	19.393329	1.936887	1.255715e+07	0.599986	0.657493
1.372323e+13	19.544497	1.940184	2.888106e+05	0.599955	0.657372
1.385291e+13	19.692297	1.943307	1.862101e+07	0.600023	0.657316
1.398413e+13	19.842273	1.946509	5.897119e+06	0.600029	0.657219
1.411687e+13	19.994399	1.949774	9.178274e+06	0.599957	0.657076
